48.txt
0.042 0.111 0.153

0.042 0.111 0.153


0.040 0.080 0.120

0.082 0.191 0.273


0.038 0.083 0.121

0.12 0.274 0.394


0.041 0.088 0.129

0.161 0.362 0.523


0.039 0.083 0.122

0.2 0.445 0.645


0.040 0.121 0.161

0.24 0.566 0.806


0.040 0.079 0.119

0.28 0.645 0.925


0.040 0.145 0.185

0.32 0.79 1.11


0.036 0.080 0.116

0.356 0.87 1.226


0.037 0.074 0.111

0.393 0.944 1.337


0.043 0.086 0.129

0.436 1.03 1.466


0.040 0.083 0.123

0.476 1.113 1.589


0.042 0.081 0.123

0.518 1.194 1.712


0.041 0.092 0.133

0.559 1.286 1.845


0.041 0.085 0.126

0.6 1.371 1.971


0.041 0.089 0.130

0.641 1.46 2.101


0.041 0.075 0.116

0.682 1.535 2.217


0.038 0.092 0.130

0.72 1.627 2.347


0.039 0.105 0.144

0.759 1.732 2.491


0.035 0.084 0.119
0.794 1.816 2.61


0.0397,0.0908,0.1305
